  70
  45
 240
 100
 183
 151
 166
  43
 208
 146
 192
 209
 190
  40
  53
 149
 188
  41
 187
   1
 157
 212
 192
 253
  66
  39
  40
  51
 247
 162
   9
 224
 109
 218
 218
 149
   3
   6
 169
 213
  12
 166
 235
 228
 249
  31
 206
  36
 193
  14
 226
 162
  84
  36
  56
 215
 192
  71
 137
  45
 201
 192
  11
 136
 182
 112
 221
 118
 251
  97
 244
 221
   2
 207
 217
  30
 175
  43
 173
 168
 183
 180
  42
 209
 245
 114
  67
 138
 103
 193
 177
 183
 132
  60
 238
 191
 255
   4
 183
 224
   0
  71
 152
 223
 166
 176
 224
 103
 170
   7
  30
 228
 114
 152
 127
 224
 209
  96
 209
 205
  40
  59
   3
  21
 134
   9
   8
  23
 208
  79
 202
 232
  30
   3
 189
 103
  48
  73
 219
  77
 229
 161
  80
   1
 169
 208
 123
  17
 136
 137
 210
  23
 136
 145
  16
